bray_curtis	PA1	PS4	PS5	PS9	PS7	PS6
PA1	0	0.920	0.928	0.904	0.888	0.832
PS4	0.920	0	0.712	0.720	0.784	0.856
PS5	0.928	0.712	0	0.784	0.736	0.904
PS9	0.904	0.720	0.784	0	0.808	0.768
PS7	0.888	0.784	0.736	0.808	0	0.872
PS6	0.832	0.856	0.904	0.768	0.872	0
