bray_curtis_binary	PA1	PS4	PS5	PS6	PS7	PS9
PA1	0	0.865	0.868	0.702	0.843	0.861
PS4	0.865	0	0.643	0.766	0.691	0.630
PS5	0.868	0.643	0	0.831	0.609	0.693
PS6	0.702	0.766	0.831	0	0.810	0.648
PS7	0.843	0.691	0.609	0.810	0	0.744
PS9	0.861	0.630	0.693	0.648	0.744	0
