bray_curtis_binary	PA1	PS4	PS9	PS5	PS7	PS6
PA1	0	0.865	0.861	0.868	0.843	0.702
PS4	0.865	0	0.630	0.643	0.691	0.766
PS9	0.861	0.630	0	0.693	0.744	0.648
PS5	0.868	0.643	0.693	0	0.609	0.831
PS7	0.843	0.691	0.744	0.609	0	0.810
PS6	0.702	0.766	0.648	0.831	0.810	0
