bray_curtis	PA1	PS4	PS5	PS6	PS7	PS9
PA1	0	0.920	0.928	0.832	0.888	0.904
PS4	0.920	0	0.712	0.856	0.784	0.720
PS5	0.928	0.712	0	0.904	0.736	0.784
PS6	0.832	0.856	0.904	0	0.872	0.768
PS7	0.888	0.784	0.736	0.872	0	0.808
PS9	0.904	0.720	0.784	0.768	0.808	0
