euclidean	PA1	PS6	PS9	PS4	PS5	PS7
PA1	0	8.12	9.33	9.49	9.59	9.27
PS6	8.12	0	9.00	9.90	10.4	10.1
PS9	9.33	9.00	0	9.22	9.75	9.95
PS4	9.49	9.90	9.22	0	9.49	9.70
PS5	9.59	10.4	9.75	9.49	0	9.17
PS7	9.27	10.1	9.95	9.70	9.17	0
