euclidean	PA1	PS4	PS5	PS6	PS7	PS9
PA1	0	9.49	9.59	8.12	9.27	9.33
PS4	9.49	0	9.49	9.90	9.70	9.22
PS5	9.59	9.49	0	10.4	9.17	9.75
PS6	8.12	9.90	10.4	0	10.1	9.00
PS7	9.27	9.70	9.17	10.1	0	9.95
PS9	9.33	9.22	9.75	9.00	9.95	0
