jaccard_binary	PA1	PS4	PS5	PS6	PS7	PS9
PA1	0	0.928	0.929	0.825	0.915	0.926
PS4	0.928	0	0.783	0.867	0.817	0.773
PS5	0.929	0.783	0	0.908	0.757	0.819
PS6	0.825	0.867	0.908	0	0.895	0.786
PS7	0.915	0.817	0.757	0.895	0	0.853
PS9	0.926	0.773	0.819	0.786	0.853	0
