jaccard_binary	PA1	PS4	PS9	PS5	PS7	PS6
PA1	0	0.928	0.926	0.929	0.915	0.825
PS4	0.928	0	0.773	0.783	0.817	0.867
PS9	0.926	0.773	0	0.819	0.853	0.786
PS5	0.929	0.783	0.819	0	0.757	0.908
PS7	0.915	0.817	0.853	0.757	0	0.895
PS6	0.825	0.867	0.786	0.908	0.895	0
