jaccard	PA1	PS4	PS5	PS6	PS7	PS9
PA1	0	0.958	0.963	0.908	0.941	0.950
PS4	0.958	0	0.832	0.922	0.879	0.837
PS5	0.963	0.832	0	0.950	0.848	0.879
PS6	0.908	0.922	0.950	0	0.932	0.869
PS7	0.941	0.879	0.848	0.932	0	0.894
PS9	0.950	0.837	0.879	0.869	0.894	0
