manhatten	PA1	PS4	PS5	PS6	PS7	PS9
PA1	0	90.0	92.0	66.0	86.0	87.0
PS4	90.0	0	90.0	98.0	94.0	85.0
PS5	92.0	90.0	0	108.0	84.0	95.0
PS6	66.0	98.0	108.0	0	102.0	81.0
PS7	86.0	94.0	84.0	102.0	0	99.0
PS9	87.0	85.0	95.0	81.0	99.0	0
