bray_curtis	PA1	PS4	PS9	PS5	PS7	PS6
PA1	0	0.796	0.833	0.783	0.821	0.825
PS4	0.796	0	0.600	0.625	0.704	0.729
PS9	0.833	0.600	0	0.629	0.717	0.679
PS5	0.783	0.625	0.629	0	0.671	0.746
PS7	0.821	0.704	0.717	0.671	0	0.767
PS6	0.825	0.729	0.679	0.746	0.767	0
