bray_curtis	PA1	PS4	PS5	PS6	PS7	PS9
PA1	0	0.796	0.783	0.825	0.821	0.833
PS4	0.796	0	0.625	0.729	0.704	0.600
PS5	0.783	0.625	0	0.746	0.671	0.629
PS6	0.825	0.729	0.746	0	0.767	0.679
PS7	0.821	0.704	0.671	0.767	0	0.717
PS9	0.833	0.600	0.629	0.679	0.717	0
