bray_curtis_binary	PA1	PS4	PS9	PS5	PS6	PS7
PA1	0	0.672	0.713	0.678	0.691	0.711
PS4	0.672	0	0.457	0.458	0.594	0.564
PS9	0.713	0.457	0	0.508	0.527	0.586
PS5	0.678	0.458	0.508	0	0.606	0.529
PS6	0.691	0.594	0.527	0.606	0	0.639
PS7	0.711	0.564	0.586	0.529	0.639	0
