bray_curtis_binary	PA1	PS4	PS5	PS6	PS7	PS9
PA1	0	0.672	0.678	0.691	0.711	0.713
PS4	0.672	0	0.458	0.594	0.564	0.457
PS5	0.678	0.458	0	0.606	0.529	0.508
PS6	0.691	0.594	0.606	0	0.639	0.527
PS7	0.711	0.564	0.529	0.639	0	0.586
PS9	0.713	0.457	0.508	0.527	0.586	0
