euclidean	PA1	PS4	PS9	PS5	PS6	PS7
PA1	0	11.6	11.8	11.6	11.4	11.7
PS4	11.6	0	10.9	11.0	12.2	12.0
PS9	11.8	10.9	0	11.4	11.4	12.1
PS5	11.6	11.0	11.4	0	12.3	11.6
PS6	11.4	12.2	11.4	12.3	0	12.5
PS7	11.7	12.0	12.1	11.6	12.5	0
