jaccard	PA1	PS4	PS5	PS6	PS7	PS9
PA1	0	0.886	0.879	0.904	0.902	0.909
PS4	0.886	0	0.769	0.843	0.826	0.750
PS5	0.879	0.769	0	0.854	0.803	0.772
PS6	0.904	0.843	0.854	0	0.868	0.809
PS7	0.902	0.826	0.803	0.868	0	0.835
PS9	0.909	0.750	0.772	0.809	0.835	0
