jaccard	PA1	PS4	PS9	PS5	PS7	PS6
PA1	0	0.886	0.909	0.879	0.902	0.904
PS4	0.886	0	0.750	0.769	0.826	0.843
PS9	0.909	0.750	0	0.772	0.835	0.809
PS5	0.879	0.769	0.772	0	0.803	0.854
PS7	0.902	0.826	0.835	0.803	0	0.868
PS6	0.904	0.843	0.809	0.854	0.868	0
