jaccard_binary	PA1	PS4	PS5	PS6	PS7	PS9
PA1	0	0.804	0.808	0.818	0.831	0.832
PS4	0.804	0	0.628	0.745	0.721	0.628
PS5	0.808	0.628	0	0.755	0.692	0.674
PS6	0.818	0.745	0.755	0	0.780	0.690
PS7	0.831	0.721	0.692	0.780	0	0.739
PS9	0.832	0.628	0.674	0.690	0.739	0
