jaccard_binary	PA1	PS4	PS9	PS5	PS6	PS7
PA1	0	0.804	0.832	0.808	0.818	0.831
PS4	0.804	0	0.628	0.628	0.745	0.721
PS9	0.832	0.628	0	0.674	0.690	0.739
PS5	0.808	0.628	0.674	0	0.755	0.692
PS6	0.818	0.745	0.690	0.755	0	0.780
PS7	0.831	0.721	0.739	0.692	0.780	0
