manhatten	PA1	PS4	PS5	PS6	PS7	PS9
PA1	0	135.0	135.0	130.0	138.0	139.0
PS4	135.0	0	120.0	149.0	145.0	118.0
PS5	135.0	120.0	0	151.0	135.0	130.0
PS6	130.0	149.0	151.0	0	156.0	129.0
PS7	138.0	145.0	135.0	156.0	0	147.0
PS9	139.0	118.0	130.0	129.0	147.0	0
